  -9.2877747265260311        18.747949267775997     
  -10.331146582153924        44.686112934708895     
  -11.048861556453408        65.352607530988038     
  -11.573513808134997        84.163645499409625     
  -11.902904578946471        98.341071264628539     
  -12.214566414780236        111.71305211964363     
  -12.411764979207851        123.55376668351329     
  -12.647829090709665        139.05818737754586     
  -12.876561957658982        154.48783963774247     
  -13.067650284322600        167.67436621337112     
  -13.252863949928980       -178.57542910590172     
  -13.443959569238004       -166.37215078952772     
  -13.588351682920370       -155.07449593215873     
  -13.773168182825401       -142.90217396078606     
  -13.951053605825503       -136.33068798369393     
  -14.118054604209913       -131.59010256501830     
  -14.270862416628720       -126.30793354785766     
  -14.441396431731032       -128.85644637082959     
  -14.551734738198711       -133.03920795409601     
  -14.666913805897048       -139.31471854146636     
  -14.754693502278407       -145.88010949418808     
  -14.819359826718385       -149.71186994336691     
  -14.894374860578218       -154.33814633920753     
  -14.907282306544369       -156.82563615476099     
  -14.964958142773659       -157.65442942062984     
  -15.016635191110284       -156.45485754072823     
  -15.059997998668351       -157.07823492740545     
  -15.100308182396690       -155.86424867107874     
  -15.138821654011116       -154.91024171976875     
  -15.171764449560799       -155.40992941030228     
  -15.232465249676572       -156.73365116516652     
  -15.239258145028863       -155.38799110848231     
  -15.306097258888011       -155.54848407310550     
  -15.343614609331105       -155.75577958569994     
  -15.367654433425967       -157.49601756471358     
  -15.434212769151486       -153.97341140186799     
  -15.469397692503463       -154.81800578094459     
  -15.474057446994104       -154.50070561246372     
  -15.520593702371412       -155.97207213095325     
  -15.544356951062229       -155.76996373894829     
